 0.3607228
 0.3421312
 0.3522194
 0.3596028
 0.3289588
 0.3452546
 0.364885
 0.3785524
 0.3483558
 0.3570308
 0.3531543
 0.3511911
 0.3298382
 0.3626752
 0.3575150
 0.3445623
 0.3386218
 0.3577610
 0.3402665
 0.3709585
 0.3568327
 0.365311
 0.3507365
 0.3373233
 0.3624270
 0.3539924
 0.3577704
 0.351677
 0.3569897
 0.3699513
 0.3399761
 0.3534068
 0.3475317
 0.3542918
 0.3644944
 0.3515458
 0.354508
 0.348987
 0.3538602
 0.3338455
 0.3407761
 0.3340158
 0.3684715
 0.3595215
 0.3519879
 0.3413472
 0.3568709
 0.3526637
 0.3620773
 0.3551981
 0.3576004
 0.3555615
 0.343094
 0.3504131
 0.3573431
 0.369202
 0.3715808
 0.3549339
 0.3407523
 0.3623327
 0.3577174
 0.3398931
 0.3562196
 0.3390119
 0.3493467
 0.3559232
 0.3649362
 0.3532339
 0.3702373
 0.3516446
 0.3552757
 0.3520237
 0.3436586
 0.3775231
 0.360973
 0.3480326
 0.3608251
 0.3473224
 0.3474038
 0.3550256
 0.3501597
 0.3551576
 0.3451441
 0.3686794
 0.3449036
 0.3325377
 0.3384257
 0.3475285
 0.3636302
 0.3695616
 0.3407408
 0.3541968
 0.3463396
 0.3292829
 0.3486527
 0.3460009
 0.3544818
 0.3704423
 0.3405805
 0.3450778
 0.3641062
 0.3481064
 0.3467513
 0.3382906
 0.3617497
 0.3546683
 0.3650521
 0.3608568
 0.3570703
 0.3548492
 0.3554423
 0.3638079
 0.3546321
 0.3512586
 0.3342802
 0.3542173
 0.3561579
 0.3599580
 0.3506834
 0.3415422
 0.3643144
 0.3599385
 0.3554329
 0.3605937
 0.3537574
 0.3623449
 0.3383319
 0.3540808
 0.3647039
 0.3354317
 0.343336
 0.3609285
 0.3616778
 0.3379572
 0.3682929
 0.3414171
 0.3466352
 0.3679831
 0.3454008
 0.3452356
 0.3478140
 0.3445506
 0.357645
 0.3521849
 0.3681775
 0.3394925
 0.3584689
 0.3564848
 0.3429681
 0.3550913
 0.3396458
 0.3555128
 0.3600171
 0.3553527
 0.3513278
 0.3371252
 0.3497933
 0.3591752
 0.3397253
 0.3379827
 0.3354315
 0.336779
 0.3428591
 0.3535803
 0.3455059
 0.3655471
 0.3567304
 0.3525299
 0.3494898
 0.3441506
 0.3717199
 0.3352558
 0.3420453
 0.3629917
 0.3598409
 0.3698396
 0.3597930
 0.338261
 0.3396448
 0.3678976
 0.3454234
 0.3537133
 0.3474191
 0.361365
 0.3358957
 0.3637140
 0.3446808
 0.3471685
 0.3724174
 0.3613319
 0.3528228
 0.3478242
 0.3460762
 0.3478658
 0.3531859
 0.3537304
 0.3503728
 0.3416606
 0.3562922
 0.3465719
 0.3671888
 0.3449351
 0.3341348
 0.3548121
 0.3449115
 0.3323489
 0.3494205
 0.3570353
 0.3639327
 0.3564749
 0.3641423
 0.3743745
 0.3475025
 0.3453921
 0.3427876
 0.3522423
 0.3480839
 0.3523555
 0.3508154
 0.3493685
 0.3484184
 0.3281595
 0.3640717
 0.3661969
 0.3505274
 0.3478052
 0.3603265
 0.3380117
 0.3488233
 0.3425575
 0.3519899
 0.3605809
 0.3678513
 0.3709515
 0.3423183
 0.3569863
 0.3643464
 0.3427428
 0.3577383
 0.3536698
 0.3414903
 0.3630716
 0.3662849
 0.3397347
 0.358093
 0.3537096
 0.3655859
 0.3653995
 0.3511282
 0.3368571
 0.3534411
 0.330617
 0.3440008
 0.3367477
 0.359737
 0.3633974
 0.346951
 0.3559161
 0.349294
 0.3438931
 0.3659327
 0.3636237
 0.342208
 0.3737549
 0.354426
 0.3463993
 0.3625357
 0.3549435
 0.3505266
 0.3536223
 0.3498239
 0.3364358
 0.3606601
 0.3374939
 0.3560651
 0.3541019
 0.3630361
 0.3515222
 0.3621995
 0.3496797
 0.3403005
 0.3264597
 0.3528144
 0.3458617
 0.3540813
 0.3522932
 0.3545661
 0.3411702
 0.3499571
 0.3440695
 0.3724142
 0.3394379
 0.3499831
 0.3344236
 0.3528099
 0.3482962
 0.3391977
 0.3551586
 0.374181
 0.3384018
 0.3698791
 0.3387475
 0.3658075
 0.3472362
 0.3510523
 0.3399878
 0.3479372
 0.348072
 0.3551517
 0.3496004
 0.3490626
 0.3696823
 0.3458335
 0.3484818
 0.3611332
 0.3718172
 0.3361877
 0.354434
 0.3396782
 0.3535664
 0.3501304
 0.3553811
 0.3558571
 0.3667657
 0.3541466
 0.3636294
 0.3618892
 0.3586896
 0.3627964
 0.3454222
 0.3575445
 0.3627597
 0.3509261
 0.3434984
 0.3438421
 0.3453003
 0.3511313
 0.3403401
 0.3460255
 0.3477744
 0.3402643
 0.3582675
 0.3490913
 0.3387369
 0.345753
 0.3336979
 0.3593582
 0.3625751
 0.3513445
 0.353008
 0.3445268
 0.3443613
 0.3745642
 0.3492904
 0.3502116
 0.3486013
 0.3560385
 0.3571561
 0.3374179
 0.3493105
 0.3547145
 0.3370099
 0.3502113
 0.3470043
 0.3579038
 0.3594213
 0.3659793
 0.3692268
 0.344394
 0.3364755
 0.3649481
 0.3440132
 0.3660924
 0.3566151
 0.3465265
 0.3700894
 0.3376203
 0.3496666
 0.343318
 0.3595501
 0.3507928
 0.3547415
 0.3643172
 0.3767208
 0.3427467
 0.3575277
 0.3482449
 0.3389991
 0.3543617
 0.3422105
 0.368625
 0.3464547
 0.3519558
 0.3751961
 0.3616431
 0.3561853
 0.3470607
 0.3537106
 0.3676701
 0.3537853
 0.3481301
 0.3533449
 0.3598242
 0.3624146
 0.3607512
 0.3368382
 0.350284
 0.3535877
 0.3519032
 0.3621786
 0.3319681
 0.3582813
 0.3268134
 0.3575753
 0.351164
 0.3556411
 0.3656516
 0.3439742
 0.3590959
 0.354364
 0.3299253
 0.3621476
 0.3598745
 0.3461298
 0.3519948
 0.3560686
 0.3666089
 0.3420924
 0.3569058
 0.3618710
 0.3534211
 0.345348
 0.3379725
 0.3608247
 0.3218358
 0.3584171
 0.3494348
 0.3568995
 0.3447928
 0.3529384
 0.3407541
 0.3505357
 0.329063
 0.3609951
 0.3515989
 0.3444831
 0.3528731
 0.3491437
 0.353548
 0.3586876
 0.3540482
 0.3507470
 0.3671490
 0.3640406
 0.3281423
 0.3492763
 0.3691976
 0.3299512
 0.3423363
 0.3743275
 0.3367408
 0.38705
 0.3482377
 0.3453733
 0.3623245
 0.3538516
 0.3396033
 0.3589548
 0.3608115
 0.3492924
 0.3487218
 0.3768420
 0.354741
 0.3561017
 0.3511332
 0.3437389
 0.3622246
 0.3556228
 0.3586285
 0.3591683
 0.3702925
 0.3379347
 0.3444209
 0.3587425
 0.3346617
 0.3429108
 0.358152
 0.3582547
 0.3512213
 0.3688659
 0.3493212
 0.3536403
 0.3423897
 0.3454543
 0.3625425
 0.3496850
 0.3493084
 0.3814838
 0.3704628
 0.3598629
 0.3630294
 0.3398355
 0.3719278
 0.3583549
 0.3626184
 0.3532513
 0.3341572
 0.3432275
 0.3551686
 0.363777
 0.3543952
 0.3534401
 0.3478294
 0.3616759
 0.3426802
 0.3531571
 0.3680074
 0.3385511
 0.3521646
 0.3477513
 0.330569
 0.3484880
 0.3693375
 0.3698569
 0.3503946
 0.343482
 0.3475833
 0.356547
 0.3394566
 0.3461607
 0.351381
 0.3641458
 0.3588570
 0.3615705
 0.3495423
 0.3504807
 0.3246832
 0.3571593
 0.3715772
 0.3370448
 0.3438557
 0.3583828
 0.3554762
 0.3367615
 0.3565065
 0.3430385
 0.3647913
 0.3506912
 0.364347
 0.3203611
 0.3557571
 0.3590879
 0.3507121
 0.3420935
 0.3574462
 0.3409117
 0.340913
 0.3616646
 0.3608302
 0.3550397
 0.3699262
 0.3632914
 0.3539706
 0.3431199
 0.3718340
 0.3483248
 0.328043
 0.3540787
 0.3589819
 0.3571053
 0.3533333
 0.3642595
 0.354288
 0.3741393
 0.3463487
 0.3411687
 0.3561006
 0.3501342
 0.3625394
 0.3631400
 0.3397044
 0.3579471
 0.3579258
 0.3508525
 0.3609933
 0.3514062
 0.3468027
 0.3578904
 0.3643874
 0.3454225
 0.3325651
 0.3382565
 0.3528803
 0.3588218
 0.3752396
 0.3597567
 0.3644281
 0.3645977
 0.3687392
 0.3499688
 0.3580574
 0.3647929
 0.3423678
 0.3675381
 0.3478076
 0.3561199
 0.3577354
 0.3421385
 0.37344
 0.364719
 0.3520321
 0.3588517
 0.3518240
 0.3371305
 0.3533081
 0.3609806
 0.3585576
 0.3539641
 0.3468019
 0.3571329
 0.3498976
 0.3459119
 0.3448435
 0.3437637
 0.3635449
 0.3532198
 0.3424767
 0.3428481
 0.3573293
 0.3562291
 0.3526718
 0.3680287
 0.3440634
 0.3644663
 0.370027
 0.3516832
 0.3551142
 0.3371577
 0.3536472
 0.3443946
 0.3552575
 0.3569595
 0.3502932
 0.3577667
 0.3552487
 0.3607123
 0.351927
 0.3501988
 0.3373243
 0.3426426
 0.3457319
 0.3279398
 0.3580321
 0.3382154
 0.3530876
 0.3650972
 0.3314594
 0.3541323
 0.3480923
 0.3565917
 0.3505863
 0.3435249
 0.3533373
 0.3509774
 0.3641415
 0.3477347
 0.349403
 0.3527834
 0.3647391
 0.3619792
 0.3498313
 0.3659938
 0.3570528
 0.3569122
 0.3453104
 0.3609331
 0.3442776
 0.3494932
 0.33974
 0.3685932
 0.3440285
 0.3534876
 0.3617547
 0.3453662
 0.3484345
 0.34687
 0.3541329
 0.3523714
 0.3569309
 0.3477578
 0.3429314
 0.3400492
 0.346604
 0.3595519
 0.353858
 0.3244668
 0.3599577
 0.356539
 0.3471459
 0.3418102
 0.3385183
 0.3388046
 0.3454122
 0.3375454
 0.3492454
 0.3309063
 0.3501468
 0.3390154
 0.332977
 0.3594210
 0.3597612
 0.3492779
 0.3633343
 0.3540946
 0.3459996
 0.3640604
 0.3611923
 0.3513172
 0.3533606
 0.3709536
 0.3647391
 0.3462008
 0.3519358
 0.3514685
 0.3688734
 0.3587609
 0.3529036
 0.349328
 0.3455749
 0.3531362
 0.3499399
 0.3321456
 0.3409966
 0.3721841
 0.3484768
 0.3530966
 0.358326
 0.3583924
 0.3459347
 0.3560282
 0.3551421
 0.3623507
 0.3557456
 0.3584276
 0.3565806
 0.3621978
 0.3457707
 0.3428555
 0.3478717
 0.3518464
 0.3637626
 0.3644141
 0.3509395
 0.3678279
 0.3542685
 0.3572556
 0.3511364
 0.3554849
 0.3468159
 0.3464503
 0.3595743
 0.3572683
 0.3455305
 0.3569559
 0.357404
 0.3462963
 0.3408113
 0.3486422
 0.3476804
 0.3582632
 0.3586784
 0.3407984
 0.3392235
 0.3572845
 0.3661478
 0.3541294
 0.3463507
 0.348987
 0.3507582
 0.3723179
 0.3633530
 0.3671207
 0.3576089
 0.3680771
 0.3429512
 0.3550736
 0.3405303
 0.3439443
 0.352992
 0.3453515
 0.3312830
 0.3503114
 0.3475197
 0.3588209
 0.353411
 0.3700157
 0.3627013
 0.3367621
 0.3398485
 0.3502730
 0.359959
 0.3416916
 0.3461273
 0.3481631
 0.3773585
 0.3493363
 0.3534058
 0.3423412
 0.3336692
 0.3384996
 0.3531523
 0.3304191
 0.3518331
 0.3689954
 0.3487254
 0.3500233
 0.3555927
 0.3556375
 0.3545112
 0.3604398
 0.3501538
 0.3517016
 0.353613
 0.3527795
 0.3492551
 0.3633846
 0.3469017
 0.3446491
 0.3567869
 0.3342081
 0.3426166
 0.3515547
 0.3508280
 0.3563053
 0.3434048
 0.3549071
 0.3457999
 0.3625371
 0.3681149
 0.3417216
 0.3617027
 0.3545728
 0.3695289
 0.338145
 0.3393095
 0.3471905
 0.3719553
 0.3378825
 0.3496217
 0.3452177
 0.3579993
 0.3432221
 0.3430734
 0.3599739
 0.3578262
 0.3599323
 0.3557819
 0.3664774
 0.3497422
 0.3601867
 0.3585719
 0.3407724
 0.3694459
 0.3458996
 0.3569681
 0.3518401
 0.3516565
 0.3631408
 0.3520006
 0.3515173
 0.345849
 0.360601
 0.3720268
 0.3593292
 0.3556502
 0.3577368
 0.3542344
 0.3339771
 0.3439053
 0.3361238
 0.333946
 0.3560677
 0.3696857
 0.3545655
 0.3665580
 0.370215
 0.3501357
 0.3390231
 0.3465468
 0.3520268
 0.3522986
 0.3456497
 0.3563487
 0.3554789
 0.3689122
 0.3618033
 0.3428507
 0.3672856
 0.3517305
 0.3519397
 0.3418218
 0.3365268
 0.3530817
 0.3457909
 0.3639949
 0.3472628
 0.3672086
 0.3687599
 0.3584213
 0.3407179
 0.3511365
 0.3707357
 0.3679912
 0.3574045
 0.3597254
 0.3609854
 0.3647073
 0.3570369
 0.3332973
 0.360971
 0.3472854
 0.34526
 0.3369644
 0.3635178
 0.3585817
 0.3414847
 0.3553573
 0.3608181
 0.3642633
 0.3628241
 0.3500092
 0.3442831
 0.3691571
 0.3383729
 0.3323648
 0.3548157
 0.3727176
 0.3354271
 0.3453361
 0.3472127
 0.3311896
 0.3495632
 0.3543509
 0.3618414
 0.3299239
 0.334166
 0.3517483
 0.333557
 0.3411081
 0.3520625
 0.3520293
 0.3532759
 0.3505298
 0.3674527
 0.3644501
 0.3518264
 0.3569249
 0.3518506
 0.3692798
 0.3564826
 0.3515603
 0.342957
 0.3735755
 0.3741802
 0.3557956
 0.3489378
 0.3523494
 0.3553329
 0.346391
 0.3304312
 0.3626954
 0.3562768
 0.3518358
 0.3515661
 0.3319176
 0.3495724
 0.3861941
 0.3546962
 0.3430785
 0.3541390
 0.3611796
 0.3621643
 0.3504757
 0.3421232
 0.3486029
 0.3520472
 0.3514214
 0.3467477
 0.339621
 0.3494347
 0.3615615
 0.3471823
 0.3667311
 0.3712732
 0.3328334
 0.3581012
 0.3477763
 0.3349106
 0.3547763
 0.3370661
