0.634265087693964
2.45292522927647
-2.9861654048198
-4.7367199212776
2.65923222895764
1.52275589070411
-0.774390851044049
1.11642186536893
3.73710904903367
1.65567098099901
1.96116033020589
0.245234841330284
0.0413910376146156
1.37950845100213
-0.878974464798357
-0.619280784110689
0.611664937119387
-0.478097897079695
1.3703493673953
-0.377850742451163
2.26006092505503
-3.18358985893132
-3.64368828167479
0.202126268869449
0.28040904721222
0.097032067594149
-0.740440233869747
1.42827163219631
1.63435754614537
1.06512672626699
-1.06745057290287
2.08452984116987
0.815619353456335
1.17499881968924
1.54465325795364
-0.0573255870365986
2.58972816079702
2.08544661493547
-1.24898614108555
1.9886456576711
-3.32425898401001
0.696886254828785
0.740801171199899
-2.15651017729705
-0.199398697746739
-1.06142057920059
-0.797128550050866
-2.42624412283088
1.68039388418851
-1.03040419471449
2.25577714840327
-6.09323060594096
0.252040801586014
-0.967266472541439
0.33058864762845
0.0948374986216183
1.98091364287873
1.17507263534094
0.996080295343365
2.09227977003582
3.09746992824456
-0.55495908864789
2.53687033407503
1.32676385797284
-0.588738690844896
-0.816170260304006
1.42104379745352
1.14000589399331
2.89818335480478
1.91334260095135
5.13423377936677
0.635018729638648
-1.62771311235693
0.31390595215452
-1.90920986992018
-0.390104476066488
-1.2758969480903
2.6701938955574
0.568382176824055
-2.33362406060674
1.12158770580245
-0.391812960810212
-0.0476320002878741
1.02639573072302
-1.2019583604227
1.59036717008982
2.25412894840341
0.618033721343968
-0.60984706597216
-0.707412052333357
1.18914086688716
1.27992281863728
-0.193743488336236
-2.73878175828793
0.816754697141214
1.95176694859489
-0.819510858356428
-0.109194257573757
0.383812942051668
1.39150622631089
-0.698321663398527
-2.08989736787897
-0.274272077851418
-2.93272222146269
-0.727821054816955
1.28863841629249
0.447345490505451
4.83899501303276
2.7340178543419
1.05318783546798
-1.37963609281896
0.92254291253913
0.390862423508032
1.1187411499193
-1.78490697001716
0.191548026295063
-1.7473198264737
-0.676895133179721
-0.755952816132237
-0.662316019602187
-0.287729679641618
-0.0989515371410036
0.380444845657551
0.184967635657881
-0.358360885091097
-1.47724226596901
0.72875876905063
1.90592651038508
-0.403693472314982
-0.275036828551988
0.0211673493786412
2.58905373942621
1.28164388461696
-1.3046858306
0.386697181532325
-0.196120623197853
0.487076494210886
1.17681171084621
-2.13664651137115
0.882591375881989
0.261708764662867
6.94072612138044
-0.277170996326353
3.11701152084867
0.993594428537413
0.541567148070684
0.301280833849373
1.76879282449755
-1.63484548782498
2.31617446982003
-0.0136477787411535
1.52720339421086
1.00571596173449
-2.32452173861125
0.487084802120432
-0.82261621061136
-2.40359546706747
1.31628385824973
-1.22453686534491
-1.37176737168748
1.3768632014716
1.38265248767673
-2.47372318077626
0.198523504502547
2.06061213479165
1.55606512097832
2.72174929270634
1.55669692072343
0.721554071225402
-0.292738096166115
0.792793324485305
-2.12348441504293
3.69552888284609
2.05106484320186
1.0699639372216
-2.65396888782952
1.83443548557803
1.80539053647912
-2.93835446759457
-0.106943184570677
1.00477101594639
0.998566378498487
0.718045226520637
0.546515228785425
-1.33958810011095
-0.148089360462995
-1.89638115219341
-1.9379813189516
0.669903354490744
-2.52286832668725
2.26099642004776
0.589828740486001
0.153125126843477
-0.028971526674157
-0.566297892113457
1.95915632945945
-2.15297681913408
0.987419969210573
0.831269571240251
-0.393884555973239
-0.31053254656778
3.43100894054687
-0.926035998295204
0.992698571765244
-8.88898486548615
1.74492426611368
-0.986868603910162
-0.576619590906415
0.288049592567224
0.116244386870273
0.0614268374176235
0.204677404705655
0.60219280055162
-2.64456237495143
-1.45199188672044
-3.14065762309763
0.688502104743931
1.83459562090595
-1.15327690984719
0.817689096976292
0.786661147073801
-0.0506487801167735
-1.54682240196259
1.33869176627878
-0.71404740894341
1.96355817683892
0.521541725172207
-0.786104716269606
-1.21915569192085
0.201099192056528
-0.396190850753281
0.0547377625059985
-0.342099369587882
-1.52028928563413
2.96489852611214
0.633733955815124
3.05101000444346
0.355461394571692
-0.908769741725661
4.58950894111615
-2.47673590168008
1.04957587043739
1.52856794024417
-3.79319123480746
1.35194425809842
-1.22057675622389
1.38611447559767
-1.24783033970156
-0.959904337115777
1.84377640230367
-4.22147371800967
-2.13681262565263
0.805249928051831
-2.88541498728214
-1.94743394651738
-0.951043577523238
1.36955666673064
0.325340927448322
2.2173501395272
1.17866742934713
1.69484929076685
-1.47811704800231
1.26325125190253
-0.219793992270623
2.15527423453042
0.41513719784034
1.7857553921612
-3.06972093493898
-5.39676872696703
-3.8260645962016
0.468145782008474
1.74841154929333
0.781748582841417
1.33739072674216
3.32255520715612
-0.700985786462154
1.88932753491606
0.780988845733845
-1.40968753265482
-0.139020914317625
0.262996928366353
0.691341356225058
-5.01968167665651
-2.2190510360787
-2.25638328932045
-0.423327947524971
-4.94074258756444
0.258199433266985
-0.14898760876441
-1.3758475267956
2.27942283437815
-0.393436471168276
2.05863799287182
-5.44692175293788
-1.26693253522799
2.48597078150889
0.421002079323582
-1.61327653264938
-1.88551337118765
-1.63693297268436
-3.17192692577193
-0.590631290382583
-1.23049771768724
-0.11710489483934
1.32749026970012
2.21810601698338
1.03339891329185
1.55547333225285
-0.632192620749232
-0.644822231502554
-3.6476060126995
-4.40058488369543
-0.443194651190055
0.810391850683165
0.78680570087264
3.50015714115956
-0.315768119294376
-2.33080197644558
-2.28711811849496
-3.71937675955319
3.17803161905031
-2.88466165051233
-1.71282856186345
-0.561528788624195
0.393118245748615
1.24018735838699
-0.570365146851068
-0.267024500191143
-2.51677927365026
0.694167956118452
1.52149590094051
1.46039916392888
0.850481853635371
-2.27961532718514
-2.09521934729753
-0.672236913596773
2.42520201939506
2.64817858991188
-1.13521284988671
-0.970414443677399
-0.835604108388977
-0.240285712075732
-0.666318409120371
-0.661567828561459
-2.06519734447941
-1.24640030237994
1.09949637237422
0.100743332550193
-0.0406342968273151
-2.4602986955623
0.924556161272968
-1.705292941282
-0.0298366202519388
-1.63964712101362
1.61844199107818
2.90062429887958
-1.88089298554864
-0.364133238312079
0.593964069933607
0.945940149938873
4.93328003031882
-0.454721238050256
-0.124410280048038
-2.07352324329551
5.85543297219256
1.58303855149612
-1.95534122434605
0.492186519250971
1.22146389844606
-0.914539842909494
1.495104011134
-1.0061410004741
-1.24767339816395
-1.28208248745045
-0.283181646120734
-1.72018263684883
0.888594992867512
1.87016959818474
-0.727162690810339
1.04079345508486
-0.0968770801680699
3.27189720113209
2.1300326365647
1.13505996059204
-3.47293545481821
1.33029164121472
0.993211019231094
2.26869668351109
0.886788847216005
0.736067169880486
-0.0747777418133832
1.40545713712028
-0.927203793906223
-0.0940574588267399
-1.35812196325273
3.71553147628716
0.547699380585952
2.83213578576553
-0.00730034379069934
-0.610785048685297
1.63047650348732
-2.73426385781265
-1.79058706696289
-2.14394549868028
0.110495192291207
2.8389061964115
1.68769188638325
-2.84088674923061
1.07318464000259
-0.435183409757651
1.00807816317817
0.397967308476815
2.59418408407739
0.967200052072887
0.520895506635272
-1.16565430998397
-1.21460599530415
0.71707268250484
0.677356370825673
1.09731921433159
0.581350437944693
-2.59511511013544
0.500154670174509
0.0574094016038892
0.379330771498861
1.22135799393478
0.297288244638653
0.849089966823325
1.10089892154859
1.02841488867228
0.129550842905639
-2.09983691874869
6.26997828689429
-5.84814168114861
2.88621018873303
2.44283481285043
1.82293006573128
0.978030912094979
-1.1535294738242
1.58641388721647
0.566443206316517
1.86578946136264
0.430826975180114
0.210192442013706
0.0323781951403513
2.01041082738054
-1.66927806267687
0.550385769935135
-0.755694530278133
2.07502929601314
2.61248857494104
-1.50646574198421
-0.885294912158668
0.0740155371887183
-2.26947355272316
0.352868218716059
-0.0887323886630886
-2.16025146766325
-0.275018497778695
-1.65376970557603
-2.30727719899492
-2.90245150166126
0.807147565565783
-1.31591529072631
-3.50005602534763
1.35210907534506
-1.72197111415371
-1.51266946759107
1.40525850022055
-1.3357725665492
-1.91826112950264
-0.696826756964884
-2.5854688555706
1.52719206106697
-1.45645474032688
-0.821793162281517
2.54324045931887
0.0200766248837821
-4.58020429724941
1.98448828694691
-0.00585064642750605
0.93065425562849
2.06527812300791
4.02355417173155
-2.54255663171125
1.52299718596401
1.50771347737702
-1.77077521697366
0.823583722376887
0.356787833154738
0.672784442530324
1.01242260970723
-1.26671498216838
-1.56717631223687
-0.299088114740814
-0.444639128912029
2.31351233509914
0.741363597082713
-0.522413789883795
-2.67825603757174
0.526318188062201
0.593248702388404
-0.957695725027749
-0.293122212213938
1.04790266504016
-0.2565127204316
0.577415365942066
0.0811359280696351
-0.92078715827486
-2.30474333129857
2.78428732305087
0.489204059855887
1.13780148438457
-0.0334497132504614
0.0388448889769903
1.49889003517981
1.32795631017866
-5.02043137670174
-3.10597523067543
0.595308537940961
3.76303783059081
-2.04864957975699
0.816737763724744
-0.803247284712512
-2.4946193929175
-2.01361200947432
0.278170375857007
1.46568725040785
-1.44805493898253
0.0947953624223584
-1.00804195020235
0.474449139538418
4.03140258141835
-1.34232513042717
-0.130768271196976
0.763719950751069
2.20447231255005
-3.94929663761867
-0.544044944839113
-1.64905120467229
0.246575644892491
1.185752862911
0.22839059754102
-0.282840741758535
-0.849523421227499
-0.155636043604196
0.482365881609027
-1.29319242907302
-3.96783149685855
1.1624772314818
1.60800221244578
-0.119735559165651
2.54643707370995
-1.22947081909572
-1.72228781663812
0.479094765172869
1.00691149789727
2.57653721562466
-1.02756786112189
1.3052749030838
0.545271121371826
1.40659539144914
-0.350572566201797
-1.65705512223246
-0.794655925415193
-0.017246905369584
0.742578086270142
3.45129780224324
0.699444037182974
-2.04562599008231
1.26650747626878
0.834678908839887
2.23099707057185
3.64953353068749
-2.19954853006671
1.43239953885904
-3.26392118264238
1.49537366981993
0.871211531778428
-3.89400749036201
0.500138784096123
2.58666751519035
-0.428980611178331
1.24726873273625
1.34889963654785
-0.597857654207136
-0.688644833151332
-1.42504237631301
0.548288811550467
-2.79507720385634
0.117825250592657
-0.705925712364366
0.198364063078829
0.503942293577086
4.8119517923003
0.806767553401738
2.86715418779968
-2.75149230322169
-0.0560950810775801
-0.972325056722717
-2.30925889437138
-1.38480706649276
-1.98458019320755
4.10694258128517
-0.804294849373194
-0.0199023055613611
-2.16204157553467
0.00335196229970917
-3.69767656908765
-1.23613901617814
0.199207571989985
0.0790699625199226
-3.14933589710954
-3.52024859963352
1.28370679048194
-0.857743598192129
-1.44336621617907
-1.59496763595464
2.24634763271581
-2.41068097795178
3.68269593378861
1.06905243889705
0.794986153536525
0.277311585985922
2.4195292995166
-3.25175553014164
-0.575580425442219
0.336374592680515
-1.56515458717126
-3.35823087650836
-4.57360536441663
0.238678222541418
-0.634158296003229
1.11284392676016
2.47829093013136
1.45076904528775
-1.78422240699258
-0.611943024332404
1.23481759177588
0.495634445523252
0.385816852848305
-1.89997439219861
1.2007239456448
2.51793321765393
0.127691133902053
0.355194039875172
1.93067616942647
3.30224076345305
1.0410057279026
0.184829105055535
-0.502943263724648
2.78396320086751
-0.584448710108674
3.72615574876648
-3.938403039693
1.3362360065408
-0.298816514713352
-2.78466217180647
-1.20908690375488
0.553381404468178
0.180405172490315
-1.74644529346228
1.1047130893493
-0.109286954820553
0.156399718091181
-1.09041016323736
-0.154748722554861
-3.79011188726527
-2.80650985903049
-0.611129321882897
-0.0793756956127563
3.1476368604388
-0.898195179923462
0.503676478910162
1.78186200425496
-0.698769628381658
2.3778279190936
-1.99598390325946
0.622988020102934
0.0288793716182158
0.109255338006457
0.42483384565655
3.00357262896834
-1.34483525986758
1.92992521154917
2.22704207297356
4.17267820722196
2.73724336619077
2.48333799062071
-1.57506086674008
-2.75527673295185
1.58674168199103
1.35296699733205
0.769609554378375
1.51700970782944
0.140385722659737
0.0348190523408622
-0.317834898210643
-2.665281132591
-0.782993509672298
-1.21376214932752
3.47659450232534
-1.53540994981442
2.80297977554876
0.156606581980629
-1.39460545685388
0.822336661183977
0.308961384929001
-0.537144985449844
-1.84031916235372
0.965169769377781
2.6187616508587
-0.0948046559841558
-0.843751835083354
0.404532375388087
3.24552668645056
-1.00932169178865
-3.77571614757868
-2.22873807636475
-2.33425546154267
-0.343084933474092
-1.89255735475319
-1.14238028165799
2.49058186565018
0.943022943529164
-2.50133231235183
1.78033239516806
-3.30933555602183
-0.952679285538488
0.752818759528559
1.97586972700804
2.22929159419738
-0.0643600633727205
2.50110123552831
-0.489131561677449
1.48486223116358
0.947999055568231
2.34796725576063
0.593180345148365
-0.499695231081707
-0.0894228059468402
-0.514483700261275
0.14151907742527
0.318508588994357
0.410634221913067
1.11851984183176
-1.60619497181518
0.7093258778386
-1.62731467680255
0.10455433393173
1.1003449794541
0.0935628520234297
-1.6034043717985
1.65974620379173
0.18013119439895
1.75775615687776
0.648705805167123
1.35778108289816
1.93214332765202
-1.22633759631046
0.626726242463767
0.403297768032427
0.732847573180394
-2.3864429956698
0.619170701892889
4.22352348337871
-1.01720574154833
-1.15746225991906
-1.11147176710475
3.20468418902306
-2.23089008386585
-2.30026316468417
-0.451421133798534
1.07994645945672
-0.844609125094006
1.68816355121566
-1.6772118281393
0.16092636734218
1.80960906160658
-0.833723855669396
-3.86990478988488
-0.948557766915059
-1.17271752479191
0.776496626095822
-0.797827168229662
3.3341009932206
-0.358793051341596
2.72176228379533
0.319091208879187
-1.67513244178232
2.1668251013843
-3.53916443545696
-1.59120069154058
-0.0189189312697343
0.8916142818583
1.57411342745076
0.81015750251344
3.17340601166691
1.70852862262464
-1.31497031776672
-3.03293143177264
0.575628503556434
-0.333771929755747
-1.23306755076362
0.64568721372085
0.601498905665733
-2.21266608254003
6.27823351237823
0.305636094336542
0.0314020991863161
2.40866024339123
-1.11799133681544
0.0340339424839857
2.36657415774836
0.739628274243969
-0.796837592567495
-1.45578155138329
1.14858571221293
-0.657101316320749
4.19850779578874
-1.73045897591221
-4.19107465776638
-1.38452499546245
-1.6175745878504
-2.59958312382717
-1.19809534755544
-0.40465942561641
-0.559502292920759
-0.853749934801451
1.12089561599
0.932357383153916
1.14437294646954
2.2483986762135
0.0822168464433594
0.865129780951871
2.65194983676085
-1.94921287841622
-1.15473044920398
-0.611631282461469
-2.10550281843513
3.95146764805644
0.208859860164341
0.916093286045724
0.229937257980019
0.738856500722407
-2.8279348669059
-0.531678022895094
2.15967255566067
-0.443832876742234
-2.3650967182873
-0.691052914483758
2.34116409148079
3.08545174736185
-0.171217957930359
0.697777380160293
0.731279267533297
-3.69579781675157
-3.75406005101497
-3.3380411298922
0.84572097044364
1.29692780694463
0.718254017259098
-1.23753302043654
-0.670806992053188
-0.734361340455793
-0.333509918456598
2.47562067027329
3.49111100442699
0.451595093659541
-0.115689782056515
-0.754756857135708
2.92377415902373
-1.26093363693975
0.529383296370026
3.48777854835795
3.73224354678325
-4.45003010079811
0.825164669529133
1.97301832473885
-2.53275416284627
0.764566295724076
0.789867872972982
0.192353034482059
-0.712073982736664
-2.08573261983771
0.815896975453747
0.0320955188117092
0.98526538996109
-0.849850865336166
-2.98154414489356
-0.797927752761934
-0.30302071605157
-1.65435296825043
-3.103020505423
2.28657535404616
0.128870343621303
-1.57042555577894
-0.75746437026304
0.961989302447149
0.548252074216554
-0.413074770839636
1.10365418821454
2.38013491834878
-1.87318433384644
-1.2087631651395
-1.73594686990625
0.654820527764009
0.432763082374017
0.0294577151889172
0.720411891614088
0.515112122733471
-0.450606849501219
1.53007315937723
-0.151827648873289
-0.823576872563418
1.73037240355974
0.642158901885497
0.390501998898088
2.8611920719326
1.69011162800732
1.22099848604982
-0.214860463668295
-4.00106489328904
-0.201900152058402
-0.00735906946683338
3.75659694688587
-1.20558943448631
-0.204616533995293
-2.37288873152706
-0.319227715988264
1.23267668274358
-0.450568385614808
-0.955722614643798
4.74261092393434
-0.488070400417667
0.613010039928775
0.945445955955296
-0.634890943129819
1.70098915742984
-8.06154600911347
-2.46300698641113
2.73136389984761
0.994058174123739
-0.876092212794132
-1.16142041392057
-2.13669128663851
-2.38099064043101
-0.728144355195834
-1.21062186306151
-0.841270816323768
-1.54764453986726
-3.28928695776409
-0.317121012702878
1.03243917130832
0.918997042163002
0.456588523150577
0.900488436538364
1.03205214190287
1.83844319934699
0.969384150747011
0.434700610439081
1.15926778110757
-3.81438514184374
-1.91735583249751
0.413042659683343
3.85563605071809
-1.42366452243141
-0.378154158241771
-1.93100425308155
0.834781468752298
-2.94067664948539
-1.56608600077169
-0.181926418583243
0.555077415149644
-3.16690697314609
0.173976399206885
-0.631642988563607
2.02003518139367
2.14872947856101
1.46221717565459
-0.522685118235079
0.866627074072977
-4.98015583885105
0.315483837455677
-1.47127846155119
-1.03249453384407
-1.35135600508469
-2.17733550771786
2.53392245283314
-2.11070641814492
-1.65046352203551
1.18364882009531
-2.05072558175354
0.530075150945197
2.55691484562731
1.08901767933224
0.568422173881979
-0.69081081328606
-1.90272909204416
-0.621023659131332
